[gd_scene load_steps=3 format=3 uid="uid://cl80ng0ikkyx2"]

[ext_resource type="PackedScene" uid="uid://cflo8ssakht6m" path="res://modules/ciel_etoile/const.tscn" id="1_ewd42"]
[ext_resource type="Script" uid="uid://df22hvv2b5gl7" path="res://modules/ciel_etoile/ciel_etoile_rot.gd" id="1_tlfd0"]

[node name="Ciel etoile" type="Node3D"]
script = ExtResource("1_tlfd0")

[node name="rotation (tool)" type="Node3D" parent="."]
transform = Transform3D(0.0669872, -0.965925, 0.25, 0.965925, 2.26146e-08, -0.258819, 0.25, 0.258819, 0.933012, 0, 0, 0)

[node name="top" parent="." instance=ExtResource("1_ewd42")]
transform = Transform3D(6.93389e-09, -1, 3.26435e-08, -4.47035e-08, 1.49012e-08, 1, -1, 3.34e-09, -7.45058e-08, 6.49606e-06, 199, -1.14441e-05)

[node name="angle41" parent="." instance=ExtResource("1_ewd42")]
transform = Transform3D(0, -0.5, 0.866026, 0, 0.866026, 0.5, -1, 1.11759e-08, -2.98023e-08, 172.339, 99.5, -1.14441e-05)

[node name="angle42" parent="." instance=ExtResource("1_ewd42")]
transform = Transform3D(2.98023e-08, -0.258819, 0.965926, 1.49012e-08, 0.965926, 0.258819, -1, 3.07336e-08, -4.47035e-08, 192.219, 51.505, -3.43323e-05)

[node name="angle43" parent="." instance=ExtResource("1_ewd42")]
transform = Transform3D(4.47035e-08, -0.707107, 0.707107, -7.45058e-09, 0.707107, 0.707107, -1, 8.19564e-08, -1.19209e-07, 140.714, 140.714, 3.8147e-06)

[node name="angle44" parent="." instance=ExtResource("1_ewd42")]
transform = Transform3D(4.47035e-08, -0.866025, 0.5, -7.45058e-09, 0.5, 0.866025, -1, 4.47035e-08, -1.04308e-07, 99.5, 172.339, -1.52588e-05)

[node name="angle45" parent="." instance=ExtResource("1_ewd42")]
transform = Transform3D(5.96046e-08, -0.965926, 0.258819, -7.45058e-09, 0.258819, 0.965926, -1, -1.49012e-08, -5.96046e-08, 51.505, 192.219, -1.33514e-05)

[node name="angle46" parent="." instance=ExtResource("1_ewd42")]
transform = Transform3D(0.258819, -0.482963, 0.836516, -2.54557e-08, 0.866025, 0.5, -0.965926, -0.129409, 0.224144, 166.467, 99.5, 44.6046)

[node name="angle47" parent="." instance=ExtResource("1_ewd42")]
transform = Transform3D(0.258819, -0.25, 0.933013, 2.54379e-08, 0.965926, 0.258819, -0.965926, -0.0669873, 0.25, 185.67, 51.505, 49.75)

[node name="angle48" parent="." instance=ExtResource("1_ewd42")]
transform = Transform3D(0.258819, -0.683013, 0.683013, -2.49391e-08, 0.707107, 0.707107, -0.965926, -0.183013, 0.183013, 135.92, 140.714, 36.4195)

[node name="angle49" parent="." instance=ExtResource("1_ewd42")]
transform = Transform3D(0.258819, -0.836516, 0.482963, -3.34894e-09, 0.5, 0.866025, -0.965926, -0.224144, 0.129409, 96.1096, 172.339, 25.7525)

[node name="angle50" parent="." instance=ExtResource("1_ewd42")]
transform = Transform3D(0.258819, -0.933013, 0.25, -9.51226e-09, 0.258819, 0.965926, -0.965926, -0.25, 0.0669873, 49.75, 192.219, 13.3305)

[node name="angle51" parent="." instance=ExtResource("1_ewd42")]
transform = Transform3D(0.5, -0.433013, 0.75, -7.45058e-09, 0.866025, 0.5, -0.866026, -0.25, 0.433013, 149.25, 99.5, 86.1695)

[node name="angle52" parent="." instance=ExtResource("1_ewd42")]
transform = Transform3D(0.5, -0.224144, 0.836516, 3.72529e-08, 0.965926, 0.258819, -0.866026, -0.12941, 0.482963, 166.467, 51.505, 96.1096)

[node name="angle53" parent="." instance=ExtResource("1_ewd42")]
transform = Transform3D(0.5, -0.612372, 0.612373, 7.45058e-09, 0.707107, 0.707107, -0.866026, -0.353553, 0.353553, 121.862, 140.714, 70.3571)

[node name="angle54" parent="." instance=ExtResource("1_ewd42")]
transform = Transform3D(0.5, -0.75, 0.433013, 7.45058e-09, 0.5, 0.866025, -0.866026, -0.433013, 0.25, 86.1695, 172.339, 49.75)

[node name="angle55" parent="." instance=ExtResource("1_ewd42")]
transform = Transform3D(0.5, -0.836516, 0.224144, 0, 0.258819, 0.965926, -0.866025, -0.482963, 0.129409, 44.6046, 192.219, 25.7525)

[node name="angle56" parent="." instance=ExtResource("1_ewd42")]
transform = Transform3D(0.707107, -0.353553, 0.612373, -1.49012e-08, 0.866025, 0.5, -0.707107, -0.353553, 0.612373, 121.862, 99.5, 121.862)

[node name="angle57" parent="." instance=ExtResource("1_ewd42")]
transform = Transform3D(0.707107, -0.183013, 0.683013, 1.49012e-08, 0.965926, 0.258819, -0.707107, -0.183013, 0.683013, 135.92, 51.505, 135.92)

[node name="angle58" parent="." instance=ExtResource("1_ewd42")]
transform = Transform3D(0.707107, -0.5, 0.5, -2.23517e-08, 0.707107, 0.707107, -0.707107, -0.5, 0.5, 99.5, 140.714, 99.5)

[node name="angle59" parent="." instance=ExtResource("1_ewd42")]
transform = Transform3D(0.707107, -0.612372, 0.353553, -2.23517e-08, 0.5, 0.866025, -0.707107, -0.612372, 0.353553, 70.3571, 172.339, 70.3571)

[node name="angle60" parent="." instance=ExtResource("1_ewd42")]
transform = Transform3D(0.707107, -0.683013, 0.183013, -1.49012e-08, 0.258819, 0.965926, -0.707107, -0.683013, 0.183013, 36.4195, 192.219, 36.4195)

[node name="angle61" parent="." instance=ExtResource("1_ewd42")]
transform = Transform3D(0.866026, -0.25, 0.433013, 0, 0.866026, 0.5, -0.5, -0.433013, 0.75, 86.1695, 99.5, 149.25)

[node name="angle62" parent="." instance=ExtResource("1_ewd42")]
transform = Transform3D(0.866026, -0.12941, 0.482963, 2.98023e-08, 0.965926, 0.258819, -0.5, -0.224144, 0.836516, 96.1097, 51.505, 166.467)

[node name="angle63" parent="." instance=ExtResource("1_ewd42")]
transform = Transform3D(0.866026, -0.353553, 0.353554, 0, 0.707107, 0.707107, -0.5, -0.612372, 0.612372, 70.3571, 140.714, 121.862)

[node name="angle64" parent="." instance=ExtResource("1_ewd42")]
transform = Transform3D(0.866026, -0.433013, 0.25, 0, 0.5, 0.866025, -0.5, -0.75, 0.433013, 49.75, 172.339, 86.1695)

[node name="angle65" parent="." instance=ExtResource("1_ewd42")]
transform = Transform3D(0.866025, -0.482963, 0.12941, 0, 0.258819, 0.965926, -0.5, -0.836516, 0.224144, 25.7525, 192.219, 44.6046)

[node name="angle66" parent="." instance=ExtResource("1_ewd42")]
transform = Transform3D(0.965926, -0.12941, 0.224144, -2.98023e-08, 0.866026, 0.5, -0.258819, -0.482963, 0.836516, 44.6046, 99.5, 166.467)

[node name="angle67" parent="." instance=ExtResource("1_ewd42")]
transform = Transform3D(0.965926, -0.0669873, 0.25, 0, 0.965926, 0.258819, -0.258819, -0.25, 0.933013, 49.75, 51.505, 185.67)

[node name="angle68" parent="." instance=ExtResource("1_ewd42")]
transform = Transform3D(0.965926, -0.183013, 0.183013, -2.98023e-08, 0.707107, 0.707107, -0.258819, -0.683013, 0.683013, 36.4195, 140.714, 135.92)

[node name="angle69" parent="." instance=ExtResource("1_ewd42")]
transform = Transform3D(0.965926, -0.224144, 0.12941, -1.49012e-08, 0.5, 0.866026, -0.258819, -0.836516, 0.482963, 25.7525, 172.339, 96.1096)

[node name="angle70" parent="." instance=ExtResource("1_ewd42")]
transform = Transform3D(0.965926, -0.25, 0.0669873, -1.49012e-08, 0.258819, 0.965926, -0.258819, -0.933013, 0.25, 13.3305, 192.219, 49.75)

[node name="angle71" parent="." instance=ExtResource("1_ewd42")]
transform = Transform3D(1, 7.45058e-09, 2.98023e-08, -1.49012e-08, 0.866026, 0.5, -1.04308e-07, -0.5, 0.866025, 7.62939e-06, 99.5, 172.339)

[node name="angle72" parent="." instance=ExtResource("1_ewd42")]
transform = Transform3D(1, -1.49012e-08, 2.98023e-08, 1.49012e-08, 0.965926, 0.258819, -1.04308e-07, -0.258819, 0.965926, 0, 51.505, 192.219)

[node name="angle73" parent="." instance=ExtResource("1_ewd42")]
transform = Transform3D(1, 2.70084e-08, 0, -1.49012e-08, 0.707107, 0.707107, -7.45058e-08, -0.707107, 0.707107, -7.62939e-06, 140.714, 140.714)

[node name="angle74" parent="." instance=ExtResource("1_ewd42")]
transform = Transform3D(1, 2.98023e-08, 5.96046e-08, -1.49012e-08, 0.5, 0.866025, -7.45058e-08, -0.866025, 0.5, 7.62939e-06, 172.339, 99.5)

[node name="angle75" parent="." instance=ExtResource("1_ewd42")]
transform = Transform3D(1, 4.47035e-08, 2.98023e-08, -1.49012e-08, 0.258819, 0.965926, -5.96046e-08, -0.965926, 0.258819, 7.62939e-06, 192.219, 51.505)

[node name="angle76" parent="." instance=ExtResource("1_ewd42")]
transform = Transform3D(0.965926, 0.12941, -0.224144, -2.98023e-08, 0.866026, 0.5, 0.258819, -0.482963, 0.836516, -44.6046, 99.5, 166.467)

[node name="angle77" parent="." instance=ExtResource("1_ewd42")]
transform = Transform3D(0.965926, 0.0669873, -0.25, 0, 0.965926, 0.258819, 0.258819, -0.25, 0.933013, -49.75, 51.505, 185.67)

[node name="angle78" parent="." instance=ExtResource("1_ewd42")]
transform = Transform3D(0.965926, 0.183013, -0.183013, -2.98023e-08, 0.707107, 0.707107, 0.258819, -0.683013, 0.683013, -36.4195, 140.714, 135.92)

[node name="angle79" parent="." instance=ExtResource("1_ewd42")]
transform = Transform3D(0.965926, 0.224144, -0.129409, -2.98023e-08, 0.5, 0.866025, 0.258819, -0.836516, 0.482963, -25.7525, 172.339, 96.1096)

[node name="angle80" parent="." instance=ExtResource("1_ewd42")]
transform = Transform3D(0.965926, 0.25, -0.0669873, -2.98023e-08, 0.258819, 0.965926, 0.258819, -0.933012, 0.25, -13.3305, 192.219, 49.75)

[node name="angle81" parent="." instance=ExtResource("1_ewd42")]
transform = Transform3D(0.866026, 0.25, -0.433013, 1.49012e-08, 0.866025, 0.5, 0.5, -0.433013, 0.75, -86.1695, 99.5, 149.25)

[node name="angle82" parent="." instance=ExtResource("1_ewd42")]
transform = Transform3D(0.866026, 0.12941, -0.482963, 2.98023e-08, 0.965926, 0.258819, 0.5, -0.224144, 0.836516, -96.1096, 51.505, 166.467)

[node name="angle83" parent="." instance=ExtResource("1_ewd42")]
transform = Transform3D(0.866026, 0.353553, -0.353553, 0, 0.707107, 0.707107, 0.5, -0.612372, 0.612373, -70.3571, 140.714, 121.862)

[node name="angle84" parent="." instance=ExtResource("1_ewd42")]
transform = Transform3D(0.866026, 0.433013, -0.25, 0, 0.5, 0.866025, 0.5, -0.75, 0.433013, -49.75, 172.339, 86.1695)

[node name="angle85" parent="." instance=ExtResource("1_ewd42")]
transform = Transform3D(0.866025, 0.482963, -0.129409, 0, 0.258819, 0.965926, 0.5, -0.836516, 0.224144, -25.7525, 192.219, 44.6046)

[node name="angle86" parent="." instance=ExtResource("1_ewd42")]
transform = Transform3D(0.707107, 0.353553, -0.612373, -2.1599e-08, 0.866025, 0.5, 0.707107, -0.353553, 0.612373, -121.862, 99.5, 121.862)

[node name="angle87" parent="." instance=ExtResource("1_ewd42")]
transform = Transform3D(0.707107, 0.183013, -0.683013, 2.92946e-08, 0.965926, 0.258819, 0.707107, -0.183013, 0.683013, -135.92, 51.505, 135.92)

[node name="angle88" parent="." instance=ExtResource("1_ewd42")]
transform = Transform3D(0.707107, 0.5, -0.5, -2.10823e-08, 0.707107, 0.707107, 0.707107, -0.5, 0.5, -99.5, 140.714, 99.5)

[node name="angle89" parent="." instance=ExtResource("1_ewd42")]
transform = Transform3D(0.707107, 0.612372, -0.353553, 5.07766e-10, 0.5, 0.866025, 0.707107, -0.612372, 0.353553, -70.3571, 172.339, 70.3571)

[node name="angle90" parent="." instance=ExtResource("1_ewd42")]
transform = Transform3D(0.707107, 0.683013, -0.183013, -5.65555e-09, 0.258819, 0.965926, 0.707107, -0.683013, 0.183013, -36.4195, 192.219, 36.4195)

[node name="angle91" parent="." instance=ExtResource("1_ewd42")]
transform = Transform3D(0.5, 0.433013, -0.75, -7.45058e-09, 0.866025, 0.5, 0.866026, -0.25, 0.433013, -149.25, 99.5, 86.1695)

[node name="angle92" parent="." instance=ExtResource("1_ewd42")]
transform = Transform3D(0.5, 0.224144, -0.836516, 3.72529e-08, 0.965926, 0.258819, 0.866026, -0.12941, 0.482963, -166.467, 51.505, 96.1096)

[node name="angle93" parent="." instance=ExtResource("1_ewd42")]
transform = Transform3D(0.5, 0.612372, -0.612372, 7.45058e-09, 0.707107, 0.707107, 0.866026, -0.353553, 0.353553, -121.862, 140.714, 70.3571)

[node name="angle94" parent="." instance=ExtResource("1_ewd42")]
transform = Transform3D(0.5, 0.75, -0.433013, 7.45058e-09, 0.5, 0.866025, 0.866026, -0.433013, 0.25, -86.1695, 172.339, 49.75)

[node name="angle95" parent="." instance=ExtResource("1_ewd42")]
transform = Transform3D(0.5, 0.836516, -0.224144, 0, 0.258819, 0.965926, 0.866025, -0.482963, 0.12941, -44.6046, 192.219, 25.7525)

[node name="angle96" parent="." instance=ExtResource("1_ewd42")]
transform = Transform3D(0.258819, 0.482963, -0.836516, -1.49012e-08, 0.866025, 0.5, 0.965926, -0.129409, 0.224144, -166.467, 99.5, 44.6046)

[node name="angle97" parent="." instance=ExtResource("1_ewd42")]
transform = Transform3D(0.258819, 0.25, -0.933013, 1.49012e-08, 0.965926, 0.258819, 0.965926, -0.0669873, 0.25, -185.67, 51.505, 49.75)

[node name="angle98" parent="." instance=ExtResource("1_ewd42")]
transform = Transform3D(0.258819, 0.683013, -0.683013, -2.23517e-08, 0.707107, 0.707107, 0.965926, -0.183013, 0.183013, -135.92, 140.714, 36.4195)

[node name="angle99" parent="." instance=ExtResource("1_ewd42")]
transform = Transform3D(0.258819, 0.836516, -0.482963, -2.23517e-08, 0.5, 0.866025, 0.965926, -0.224144, 0.12941, -96.1096, 172.339, 25.7525)

[node name="angle100" parent="." instance=ExtResource("1_ewd42")]
transform = Transform3D(0.258819, 0.933012, -0.25, -1.49012e-08, 0.258819, 0.965926, 0.965926, -0.25, 0.0669873, -49.75, 192.219, 13.3305)

[node name="angle101" parent="." instance=ExtResource("1_ewd42")]
transform = Transform3D(2.98023e-08, 0.5, -0.866026, -1.49012e-08, 0.866026, 0.5, 1, 0, -2.98023e-08, -172.339, 99.5, -7.62939e-06)

[node name="angle102" parent="." instance=ExtResource("1_ewd42")]
transform = Transform3D(0, 0.258819, -0.965926, 1.49012e-08, 0.965926, 0.258819, 1, -2.23517e-08, 0, -192.219, 51.505, 2.28882e-05)

[node name="angle103" parent="." instance=ExtResource("1_ewd42")]
transform = Transform3D(0, 0.707107, -0.707107, -1.49012e-08, 0.707107, 0.707107, 1, -1.49012e-08, 2.98023e-08, -140.714, 140.714, -1.52588e-05)

[node name="angle104" parent="." instance=ExtResource("1_ewd42")]
transform = Transform3D(0, 0.866025, -0.5, -1.49012e-08, 0.5, 0.866025, 1, 0, 5.96046e-08, -99.5, 172.339, 1.52588e-05)

[node name="angle105" parent="." instance=ExtResource("1_ewd42")]
transform = Transform3D(-2.98023e-08, 0.965926, -0.258819, -1.49012e-08, 0.258819, 0.965926, 1, 2.98023e-08, 5.96046e-08, -51.505, 192.219, 7.62939e-06)

[node name="angle106" parent="." instance=ExtResource("1_ewd42")]
transform = Transform3D(-0.258819, 0.482963, -0.836516, -2.98023e-08, 0.866026, 0.5, 0.965926, 0.129409, -0.224144, -166.467, 99.5, -44.6046)

[node name="angle107" parent="." instance=ExtResource("1_ewd42")]
transform = Transform3D(-0.258819, 0.25, -0.933013, 0, 0.965926, 0.258819, 0.965926, 0.0669873, -0.25, -185.67, 51.505, -49.75)

[node name="angle108" parent="." instance=ExtResource("1_ewd42")]
transform = Transform3D(-0.258819, 0.683013, -0.683013, -4.47035e-08, 0.707107, 0.707107, 0.965926, 0.183013, -0.183013, -135.92, 140.714, -36.4195)

[node name="angle109" parent="." instance=ExtResource("1_ewd42")]
transform = Transform3D(-0.258819, 0.836516, -0.482963, -2.98023e-08, 0.5, 0.866025, 0.965926, 0.224144, -0.129409, -96.1096, 172.339, -25.7525)

[node name="angle110" parent="." instance=ExtResource("1_ewd42")]
transform = Transform3D(-0.258819, 0.933013, -0.25, -2.98023e-08, 0.258819, 0.965926, 0.965926, 0.25, -0.0669873, -49.75, 192.219, -13.3305)

[node name="angle111" parent="." instance=ExtResource("1_ewd42")]
transform = Transform3D(-0.5, 0.433013, -0.75, -2.98023e-08, 0.866025, 0.5, 0.866026, 0.25, -0.433013, -149.25, 99.5, -86.1695)

[node name="angle112" parent="." instance=ExtResource("1_ewd42")]
transform = Transform3D(-0.5, 0.224144, -0.836516, 0, 0.965926, 0.258819, 0.866025, 0.129409, -0.482963, -166.467, 51.505, -96.1096)

[node name="angle113" parent="." instance=ExtResource("1_ewd42")]
transform = Transform3D(-0.5, 0.612372, -0.612372, -2.98023e-08, 0.707107, 0.707107, 0.866025, 0.353553, -0.353553, -121.862, 140.714, -70.3571)

[node name="angle114" parent="." instance=ExtResource("1_ewd42")]
transform = Transform3D(-0.5, 0.75, -0.433013, -2.98023e-08, 0.5, 0.866025, 0.866025, 0.433013, -0.25, -86.1695, 172.339, -49.75)

[node name="angle115" parent="." instance=ExtResource("1_ewd42")]
transform = Transform3D(-0.5, 0.836516, -0.224144, -2.98023e-08, 0.258819, 0.965926, 0.866025, 0.482963, -0.129409, -44.6046, 192.219, -25.7525)

[node name="angle116" parent="." instance=ExtResource("1_ewd42")]
transform = Transform3D(-0.707107, 0.353553, -0.612372, -4.47035e-08, 0.866025, 0.5, 0.707107, 0.353553, -0.612372, -121.862, 99.5, -121.862)

[node name="angle117" parent="." instance=ExtResource("1_ewd42")]
transform = Transform3D(-0.707107, 0.183013, -0.683013, -1.49012e-08, 0.965926, 0.258819, 0.707107, 0.183013, -0.683013, -135.92, 51.505, -135.92)

[node name="angle118" parent="." instance=ExtResource("1_ewd42")]
transform = Transform3D(-0.707107, 0.5, -0.5, -4.47035e-08, 0.707107, 0.707107, 0.707107, 0.5, -0.5, -99.5, 140.714, -99.5)

[node name="angle119" parent="." instance=ExtResource("1_ewd42")]
transform = Transform3D(-0.707107, 0.612372, -0.353553, -4.47035e-08, 0.5, 0.866025, 0.707107, 0.612372, -0.353553, -70.3571, 172.339, -70.3571)

[node name="angle120" parent="." instance=ExtResource("1_ewd42")]
transform = Transform3D(-0.707107, 0.683013, -0.183013, -4.47035e-08, 0.258819, 0.965926, 0.707107, 0.683013, -0.183013, -36.4195, 192.219, -36.4195)

[node name="angle21" parent="." instance=ExtResource("1_ewd42")]
transform = Transform3D(-0.866026, 0.25, -0.433013, 1.49012e-08, 0.866025, 0.5, 0.5, 0.433013, -0.75, -86.1695, 99.5, -149.25)

[node name="angle22" parent="." instance=ExtResource("1_ewd42")]
transform = Transform3D(-0.866026, 0.12941, -0.482963, 2.98023e-08, 0.965926, 0.258819, 0.5, 0.224144, -0.836516, -96.1096, 51.505, -166.467)

[node name="angle23" parent="." instance=ExtResource("1_ewd42")]
transform = Transform3D(-0.866026, 0.353553, -0.353553, 0, 0.707107, 0.707107, 0.5, 0.612372, -0.612373, -70.3571, 140.714, -121.862)

[node name="angle24" parent="." instance=ExtResource("1_ewd42")]
transform = Transform3D(-0.866026, 0.433012, -0.25, 0, 0.5, 0.866025, 0.5, 0.75, -0.433013, -49.75, 172.339, -86.1695)

[node name="angle25" parent="." instance=ExtResource("1_ewd42")]
transform = Transform3D(-0.866025, 0.482963, -0.129409, 0, 0.258819, 0.965926, 0.5, 0.836516, -0.224144, -25.7525, 192.219, -44.6046)

[node name="angle26" parent="." instance=ExtResource("1_ewd42")]
transform = Transform3D(-0.965926, 0.129409, -0.224144, -2.1599e-08, 0.866025, 0.5, 0.258819, 0.482963, -0.836516, -44.6046, 99.5, -166.467)

[node name="angle27" parent="." instance=ExtResource("1_ewd42")]
transform = Transform3D(-0.965926, 0.0669873, -0.25, 2.92946e-08, 0.965926, 0.258819, 0.258819, 0.25, -0.933013, -49.75, 51.505, -185.67)

[node name="angle28" parent="." instance=ExtResource("1_ewd42")]
transform = Transform3D(-0.965926, 0.183013, -0.183013, -2.10823e-08, 0.707107, 0.707107, 0.258819, 0.683013, -0.683013, -36.4195, 140.714, -135.92)

[node name="angle29" parent="." instance=ExtResource("1_ewd42")]
transform = Transform3D(-0.965926, 0.224144, -0.12941, 5.07766e-10, 0.5, 0.866025, 0.258819, 0.836516, -0.482963, -25.7525, 172.339, -96.1096)

[node name="angle30" parent="." instance=ExtResource("1_ewd42")]
transform = Transform3D(-0.965926, 0.25, -0.0669873, -5.65555e-09, 0.258819, 0.965926, 0.258819, 0.933013, -0.25, -13.3305, 192.219, -49.75)

[node name="angle31" parent="." instance=ExtResource("1_ewd42")]
transform = Transform3D(-1, -1.11759e-07, 7.45058e-08, -7.45058e-09, 0.866025, 0.5, 2.98023e-08, 0.5, -0.866026, 2.67029e-05, 99.5, -172.339)

[node name="angle32" parent="." instance=ExtResource("1_ewd42")]
transform = Transform3D(-1, -5.65778e-08, 8.9407e-08, 3.72529e-08, 0.965926, 0.258819, -4.47035e-08, 0.258819, -0.965926, 4.19617e-05, 51.505, -192.219)

[node name="angle33" parent="." instance=ExtResource("1_ewd42")]
transform = Transform3D(-1, -1.56462e-07, 1.3411e-07, 7.45058e-09, 0.707107, 0.707107, -5.96046e-08, 0.707107, -0.707107, 2.67029e-05, 140.714, -140.714)

[node name="angle34" parent="." instance=ExtResource("1_ewd42")]
transform = Transform3D(-1, -1.93715e-07, 4.47035e-08, 7.45058e-09, 0.5, 0.866025, -5.96046e-08, 0.866025, -0.5, 2.28882e-05, 172.339, -99.5)

[node name="angle35" parent="." instance=ExtResource("1_ewd42")]
transform = Transform3D(-1, -2.68221e-07, -1.49012e-08, 0, 0.258819, 0.965926, -2.98023e-08, 0.965926, -0.258819, 1.14441e-05, 192.219, -51.505)

[node name="angle36" parent="." instance=ExtResource("1_ewd42")]
transform = Transform3D(-0.965926, -0.12941, 0.224144, -1.49012e-08, 0.866025, 0.5, -0.258819, 0.482963, -0.836516, 44.6047, 99.5, -166.467)

[node name="angle37" parent="." instance=ExtResource("1_ewd42")]
transform = Transform3D(-0.965926, -0.0669874, 0.25, 1.49012e-08, 0.965926, 0.258819, -0.258819, 0.25, -0.933013, 49.75, 51.505, -185.67)

[node name="angle38" parent="." instance=ExtResource("1_ewd42")]
transform = Transform3D(-0.965926, -0.183013, 0.183013, -2.23517e-08, 0.707107, 0.707107, -0.258819, 0.683013, -0.683013, 36.4196, 140.714, -135.92)

[node name="angle39" parent="." instance=ExtResource("1_ewd42")]
transform = Transform3D(-0.965926, -0.224144, 0.12941, -2.23517e-08, 0.5, 0.866025, -0.258819, 0.836516, -0.482963, 25.7525, 172.339, -96.1096)

[node name="angle40" parent="." instance=ExtResource("1_ewd42")]
transform = Transform3D(-0.965926, -0.25, 0.0669873, -1.49012e-08, 0.258819, 0.965926, -0.258819, 0.933012, -0.25, 13.3305, 192.219, -49.75)

[node name="angle11" parent="." instance=ExtResource("1_ewd42")]
transform = Transform3D(-0.866026, -0.25, 0.433013, -1.49012e-08, 0.866026, 0.5, -0.5, 0.433013, -0.75, 86.1696, 99.5, -149.25)

[node name="angle12" parent="." instance=ExtResource("1_ewd42")]
transform = Transform3D(-0.866026, -0.12941, 0.482963, 1.49012e-08, 0.965926, 0.258819, -0.5, 0.224144, -0.836516, 96.1097, 51.505, -166.467)

[node name="angle13" parent="." instance=ExtResource("1_ewd42")]
transform = Transform3D(-0.866026, -0.353553, 0.353553, -1.49012e-08, 0.707107, 0.707107, -0.5, 0.612372, -0.612373, 70.3571, 140.714, -121.862)

[node name="angle14" parent="." instance=ExtResource("1_ewd42")]
transform = Transform3D(-0.866026, -0.433013, 0.25, -1.49012e-08, 0.5, 0.866025, -0.5, 0.75, -0.433013, 49.75, 172.339, -86.1695)

[node name="angle15" parent="." instance=ExtResource("1_ewd42")]
transform = Transform3D(-0.866025, -0.482963, 0.129409, -1.49012e-08, 0.258819, 0.965926, -0.5, 0.836516, -0.224144, 25.7525, 192.219, -44.6046)

[node name="angle16" parent="." instance=ExtResource("1_ewd42")]
transform = Transform3D(-0.707107, -0.353553, 0.612373, -2.98023e-08, 0.866026, 0.5, -0.707107, 0.353553, -0.612373, 121.862, 99.5, -121.862)

[node name="angle17" parent="." instance=ExtResource("1_ewd42")]
transform = Transform3D(-0.707107, -0.183013, 0.683013, 0, 0.965926, 0.258819, -0.707107, 0.183013, -0.683013, 135.92, 51.505, -135.92)

[node name="angle18" parent="." instance=ExtResource("1_ewd42")]
transform = Transform3D(-0.707107, -0.5, 0.5, -4.47035e-08, 0.707107, 0.707107, -0.707107, 0.5, -0.5, 99.5, 140.714, -99.5)

[node name="angle19" parent="." instance=ExtResource("1_ewd42")]
transform = Transform3D(-0.707107, -0.612372, 0.353553, -2.98023e-08, 0.5, 0.866025, -0.707107, 0.612372, -0.353554, 70.3571, 172.339, -70.3571)

[node name="angle20" parent="." instance=ExtResource("1_ewd42")]
transform = Transform3D(-0.707107, -0.683013, 0.183013, -2.98023e-08, 0.258819, 0.965926, -0.707107, 0.683013, -0.183013, 36.4195, 192.219, -36.4195)

[node name="angle6" parent="." instance=ExtResource("1_ewd42")]
transform = Transform3D(-0.5, -0.433013, 0.75, -2.98023e-08, 0.866025, 0.5, -0.866026, 0.25, -0.433013, 149.25, 99.5, -86.1695)

[node name="angle7" parent="." instance=ExtResource("1_ewd42")]
transform = Transform3D(-0.5, -0.224144, 0.836516, 0, 0.965926, 0.258819, -0.866025, 0.12941, -0.482963, 166.467, 51.505, -96.1096)

[node name="angle8" parent="." instance=ExtResource("1_ewd42")]
transform = Transform3D(-0.5, -0.612372, 0.612372, -2.98023e-08, 0.707107, 0.707107, -0.866025, 0.353553, -0.353553, 121.862, 140.714, -70.3571)

[node name="angle9" parent="." instance=ExtResource("1_ewd42")]
transform = Transform3D(-0.5, -0.75, 0.433013, -2.98023e-08, 0.5, 0.866025, -0.866025, 0.433013, -0.25, 86.1695, 172.339, -49.75)

[node name="angle10" parent="." instance=ExtResource("1_ewd42")]
transform = Transform3D(-0.5, -0.836516, 0.224144, -2.98023e-08, 0.258819, 0.965926, -0.866025, 0.482963, -0.12941, 44.6046, 192.219, -25.7525)

[node name="angle2" parent="." instance=ExtResource("1_ewd42")]
transform = Transform3D(-0.258819, -0.482963, 0.836516, -4.47035e-08, 0.866025, 0.5, -0.965926, 0.12941, -0.224144, 166.467, 99.5, -44.6046)

[node name="angle" parent="." instance=ExtResource("1_ewd42")]
transform = Transform3D(-0.258819, -0.25, 0.933013, -1.49012e-08, 0.965926, 0.258819, -0.965926, 0.0669874, -0.25, 185.67, 51.505, -49.75)

[node name="angle3" parent="." instance=ExtResource("1_ewd42")]
transform = Transform3D(-0.258819, -0.683013, 0.683013, -4.47035e-08, 0.707107, 0.707107, -0.965926, 0.183013, -0.183013, 135.92, 140.714, -36.4195)

[node name="angle4" parent="." instance=ExtResource("1_ewd42")]
transform = Transform3D(-0.258819, -0.836516, 0.482963, -4.47035e-08, 0.5, 0.866025, -0.965926, 0.224144, -0.12941, 96.1096, 172.339, -25.7525)

[node name="angle5" parent="." instance=ExtResource("1_ewd42")]
transform = Transform3D(-0.258819, -0.933012, 0.25, -4.47035e-08, 0.258819, 0.965926, -0.965926, 0.25, -0.0669873, 49.75, 192.219, -13.3305)

[node name="const8" parent="." instance=ExtResource("1_ewd42")]
transform = Transform3D(-5.96046e-08, 0, 1, 0, 1, 0, -1, 0, -5.96046e-08, 199, 0, -1.18613e-05)

[node name="const9" parent="." instance=ExtResource("1_ewd42")]
transform = Transform3D(1, 0, 0, 0, 1, 0, 0, 0, 1, 9.09495e-13, 0, 199)

[node name="const10" parent="." instance=ExtResource("1_ewd42")]
transform = Transform3D(0.965926, 0, 0.258819, 0, 1, 0, -0.258819, 0, 0.965926, 51.505, 0, 192.219)

[node name="const11" parent="." instance=ExtResource("1_ewd42")]
transform = Transform3D(0.866025, 0, 0.5, 0, 1, 0, -0.5, 0, 0.866025, 99.5, 0, 172.339)

[node name="const12" parent="." instance=ExtResource("1_ewd42")]
transform = Transform3D(0.707107, 0, 0.707107, 0, 1, 0, -0.707107, 0, 0.707107, 140.714, 0, 140.714)

[node name="const13" parent="." instance=ExtResource("1_ewd42")]
transform = Transform3D(0.5, 0, 0.866025, 0, 1, 0, -0.866025, 0, 0.5, 172.339, 0, 99.5)

[node name="const14" parent="." instance=ExtResource("1_ewd42")]
transform = Transform3D(0.258819, 0, 0.965926, 0, 1, 0, -0.965926, 0, 0.258819, 192.219, 0, 51.505)

[node name="const15" parent="." instance=ExtResource("1_ewd42")]
transform = Transform3D(-0.965926, 0, -0.258819, 0, 1, 0, 0.258819, 0, -0.965926, -51.505, 0, -192.219)

[node name="const16" parent="." instance=ExtResource("1_ewd42")]
transform = Transform3D(-0.258819, 0, 0.965926, 0, 1, 0, -0.965926, 0, -0.258819, 192.219, 0, -51.505)

[node name="const17" parent="." instance=ExtResource("1_ewd42")]
transform = Transform3D(-0.5, 0, 0.866025, 0, 1, 0, -0.866025, 0, -0.5, 172.339, 0, -99.5)

[node name="const18" parent="." instance=ExtResource("1_ewd42")]
transform = Transform3D(-0.707107, 0, 0.707107, 0, 1, 0, -0.707107, 0, -0.707107, 140.714, 0, -140.714)

[node name="const19" parent="." instance=ExtResource("1_ewd42")]
transform = Transform3D(-0.866025, 0, 0.5, 0, 1, 0, -0.5, 0, -0.866025, 99.5, 0, -172.339)

[node name="const20" parent="." instance=ExtResource("1_ewd42")]
transform = Transform3D(-0.965926, 0, 0.258819, 0, 1, 0, -0.258819, 0, -0.965926, 51.505, 0, -192.219)

[node name="const21" parent="." instance=ExtResource("1_ewd42")]
transform = Transform3D(-1, 0, -5.96046e-08, 0, 1, 0, 5.96046e-08, 0, -1, -1.14441e-05, 0, -199)

[node name="const" parent="." instance=ExtResource("1_ewd42")]
transform = Transform3D(-0.866025, 0, -0.5, 0, 1, 0, 0.5, 0, -0.866025, -99.5, 0, -172.339)

[node name="const3" parent="." instance=ExtResource("1_ewd42")]
transform = Transform3D(-0.707107, 0, -0.707107, 0, 1, 0, 0.707107, 0, -0.707107, -140.714, 0, -140.714)

[node name="const4" parent="." instance=ExtResource("1_ewd42")]
transform = Transform3D(-0.5, 0, -0.866026, 0, 1, 0, 0.866026, 0, -0.5, -172.339, 0, -99.5)

[node name="const5" parent="." instance=ExtResource("1_ewd42")]
transform = Transform3D(-0.258819, 0, -0.965926, 0, 1, 0, 0.965926, 0, -0.258819, -192.219, 0, -51.505)

[node name="const6" parent="." instance=ExtResource("1_ewd42")]
transform = Transform3D(1.49012e-07, 0, -1, 0, 1, 0, 1, 0, 1.49012e-07, -199, 0, 3.05176e-05)

[node name="const7" parent="." instance=ExtResource("1_ewd42")]
transform = Transform3D(0.258819, 0, -0.965926, 0, 1, 0, 0.965926, 0, 0.258819, -192.219, 0, 51.505)

[node name="const2" parent="." instance=ExtResource("1_ewd42")]
transform = Transform3D(0.5, 0, -0.866025, 0, 1, 0, 0.866025, 0, 0.5, -172.339, 0, 99.5)

[node name="const22" parent="." instance=ExtResource("1_ewd42")]
transform = Transform3D(0.707107, 0, -0.707107, 0, 1, 0, 0.707107, 0, 0.707107, -140.714, 0, 140.714)

[node name="const23" parent="." instance=ExtResource("1_ewd42")]
transform = Transform3D(0.866025, 0, -0.5, 0, 1, 0, 0.5, 0, 0.866025, -99.5, 0, 172.339)

[node name="const24" parent="." instance=ExtResource("1_ewd42")]
transform = Transform3D(0.965926, 0, -0.258819, 0, 1, 0, 0.258819, 0, 0.965926, -51.5049, 0, 192.219)
